3 -1 0 8 8
8 6 5 7 2 1 4 3 0 
3 0 1 8 9
8 6 5 7 2 1 4 0 3 
3 1 2 8 10
8 6 5 7 2 1 0 4 3 
3 2 3 8 11
8 6 5 0 2 1 7 4 3 
3 3 4 8 12
8 6 5 2 0 1 7 4 3 
3 4 5 8 13
8 6 5 0 2 1 7 4 3 
3 5 6 8 14
0 6 5 8 2 1 7 4 3 
3 6 7 8 15
8 6 5 0 2 1 7 4 3 
3 7 8 8 16
8 6 5 2 0 1 7 4 3 
3 8 9 8 17
8 6 5 0 2 1 7 4 3 
3 9 10 8 18
0 6 5 8 2 1 7 4 3 
3 10 11 8 19
6 0 5 8 2 1 7 4 3 
3 11 12 8 20
6 2 5 8 0 1 7 4 3 
3 12 13 8 21
6 2 5 8 1 0 7 4 3 
3 13 14 7 21
6 2 0 8 1 5 7 4 3 
3 14 15 8 23
6 2 5 8 1 0 7 4 3 
3 15 16 7 23
6 2 0 8 1 5 7 4 3 
3 16 17 8 25
6 2 5 8 1 0 7 4 3 
3 17 18 8 26
6 2 5 8 0 1 7 4 3 
3 18 19 8 27
6 2 5 0 8 1 7 4 3 
3 19 20 8 28
0 2 5 6 8 1 7 4 3 
3 20 21 8 29
6 2 5 0 8 1 7 4 3 
3 21 22 8 30
0 2 5 6 8 1 7 4 3 
3 22 23 8 31
2 0 5 6 8 1 7 4 3 
3 23 24 8 32
2 8 5 6 0 1 7 4 3 
3 24 25 8 33
2 8 5 6 1 0 7 4 3 
3 25 26 8 34
2 8 5 6 1 3 7 4 0 
3 26 27 8 35
2 8 5 6 1 3 7 0 4 
3 27 28 7 35
2 8 5 6 1 3 0 7 4 
3 28 29 8 37
2 8 5 6 1 3 7 0 4 
3 29 30 0 30
0 1 2 3 4 5 6 7 8 
