5 -1 0 23 23
18 2 9 7 4 13 21 10 19 6 16 20 15 11 8 22 14 23 0 17 12 5 24 1 3 
5 0 1 23 24
18 2 9 7 4 13 21 10 19 6 16 20 15 11 8 22 14 0 23 17 12 5 24 1 3 
5 1 2 23 25
18 2 9 7 4 13 21 10 19 6 16 20 15 11 8 22 14 23 0 17 12 5 24 1 3 
5 2 3 23 26
18 2 9 7 4 13 21 10 19 6 16 20 15 0 8 22 14 23 11 17 12 5 24 1 3 
5 3 4 23 27
18 2 9 7 4 13 21 10 19 6 16 20 0 15 8 22 14 23 11 17 12 5 24 1 3 
5 4 5 23 28
18 2 9 7 4 13 21 10 19 6 16 20 23 15 8 22 14 0 11 17 12 5 24 1 3 
5 5 6 23 29
18 2 9 7 4 13 21 10 19 6 16 20 0 15 8 22 14 23 11 17 12 5 24 1 3 
5 6 7 23 30
18 2 9 7 4 13 21 10 19 6 16 0 20 15 8 22 14 23 11 17 12 5 24 1 3 
5 7 8 23 31
18 2 9 7 4 13 21 10 19 6 0 16 20 15 8 22 14 23 11 17 12 5 24 1 3 
5 8 9 23 32
18 2 9 7 4 13 21 10 19 6 22 16 20 15 8 0 14 23 11 17 12 5 24 1 3 
5 9 10 23 33
18 2 9 7 4 13 21 10 19 6 0 16 20 15 8 22 14 23 11 17 12 5 24 1 3 
5 10 11 23 34
18 2 9 7 4 13 21 10 19 6 22 16 20 15 8 0 14 23 11 17 12 5 24 1 3 
5 11 12 23 35
18 2 9 7 4 13 21 10 19 6 0 16 20 15 8 22 14 23 11 17 12 5 24 1 3 
5 12 13 23 36
18 2 9 7 4 13 21 10 19 6 22 16 20 15 8 0 14 23 11 17 12 5 24 1 3 
5 13 14 23 37
18 2 9 7 4 13 21 10 19 6 22 16 20 15 8 14 0 23 11 17 12 5 24 1 3 
5 14 15 0 15
0 1 2 3 4 5 6 7 8 9 10 11 12 13 14 15 16 17 18 19 20 21 22 23 24 
